MA_length=10
MA_timeframe=30
MAtype=0
Percent=0.10000000
TradeOnFriday=1
slip=100
UseMM=0
Risk=5.00000000
Lots=0.80000000
TakeProfit=28
Stoploss=300
TrailingStop=20.00000000
Fast_Period=23
Fast_Price=1
Slow_Period=84
Slow_Price=1
DivergenceLimit=0.00200000
Use_V63D_Divergence=1
PipStep=26
IncreasementType=0.00000000
DVLimit=10
PipsGoal=500
PipsLoss=500
GMT=0
DST=0
OpeningHour=0
ClosingHour=24
writelog=0
